{
  "tree": "(MW055452:0.2230307901{0},(KY908319:0.0000021856{1},((KY908320:0.0000021856{2},MF795606:0.0000021856{3})67:0.0000021856{4},((((((KY908318:0.1053605157{5},MF795608:0.1053605157{6}):0.1053605157{7},MF795630:0.1053605157{8}):0.1053605157{9},MF795625:0.1053605157{10}):0.0000021856{11},JX069968:0.0000021856{12})71:0.0000021856{13},AP017700:0.0029492394{14})80:0.0029467511{15},(MF795599:0.0000021856{16},(MF795616:0.0000021856{17},MF795614:0.0000021856{18})97:0.0059575153{19})58:0.0029576484{20})64:0.0000021856{21})79:0.0029414234{22})94:0.0430397972{23},((((((AF538716:0.0000025020{24},AJ544843:0.0000021856{25})61:0.0000020584{26},MT149211:0.0268928678{27})91:0.0231696897{28},MT808311:0.0003692516{29})95:0.0367866004{30},(AP017680:0.0237517829{31},KP760318:0.0000027905{32})88:0.0298504868{33})96:0.0709818779{34},(((((((KX265048:0.0097021069{35},(KP898737:0.0165032717{36},((((AJ544832:0.0031350645{37},AM779776:0.0195807876{38})50:0.0000021856{39},AM779773:0.0000021856{40})94:0.0096101644{41},KP760331:0.0096553525{42})53:0.0000021856{43},MW242630:0.0000021856{44})92:0.0010665527{45})79:0.0021189577{46})24:0.0000021856{47},AM779778:0.0031836690{48})17:0.0000021856{49},(KC953031:0.0000021856{50},KP898736:0.0063812294{51})22:0.0000021856{52})80:0.0039656668{53},((MH823371:0.0032382492{54},KY750550:0.0000021856{55})94:0.0032352014{56},GQ292761:0.0000021856{57})87:0.0197383425{58})82:0.0190457765{59},((KR676613:0.0026307087{60},KU885999:0.0065070649{61})100:0.0836896259{62},AM779775:0.0537268507{63})79:0.0050482383{64})84:0.0191568055{65},(((((AJ537512:0.0187070967{66},KM205415:0.0060681163{67})93:0.0030362613{68},KU885998:0.0031243893{69})100:0.0247549745{70},HQ540423:0.0074280829{71})99:0.0382091445{72},MN635456:0.0614599616{73})98:0.0450939942{74},KY828986:0.0379462927{75})55:0.0094064033{76})93:0.0255787616{77},(((MW266120:0.0000021856{78},HQ207645:0.0133278042{79})69:0.0065878169{80},JN863696:0.0000021856{81})72:0.0068568722{82},((GU365879:0.0000021856{83},KP347443:0.0000021856{84})60:0.0000021856{85},KX853320:0.0162631771{86})90:0.0063007014{87})95:0.0372273611{88})82:0.0216933001{89})98:0.0748545806{90},((MZ678927:0.0000021856{91},AJ544853:0.0000021856{92})99:0.0498080201{93},(((KP898744:0.0244202725{94},(KP898741:0.0119453289{95},KP898743:0.0361503991{96})99:0.0164492683{97})88:0.0133081232{98},KY677825:0.0035008297{99})69:0.0007266823{100},KP898740:0.0228558093{101})94:0.0379795508{102})94:0.0523260941{103})100:0.1405034192{104});",
  "placements": 
  [
    {"p": [
      [0, -2819.9059493347, 1.0000000000, 0.0000500000, 0.0001000000]
      ],
    "n": ["MW055452"]
    },
    {"p": [
      [1, -2819.8906811774, 0.3346814193, 0.0000010928, 0.0001000000],
      [22, -2819.8924063965, 0.3341045183, 0.0029364234, 0.0001000000],
      [23, -2819.9070039044, 0.3292628491, 0.0000500000, 0.0001000000]
      ],
    "n": ["KY908319"]
    },
    {"p": [
      [2, -2819.8906957265, 0.1423764646, 0.0000010928, 0.0001000000],
      [3, -2819.8906957265, 0.1423764646, 0.0000010928, 0.0001000000],
      [4, -2819.8906957418, 0.1423764625, 0.0000010928, 0.0001000000],
      [21, -2819.8906989014, 0.1423760126, 0.0000010928, 0.0001000000],
      [20, -2819.8924088166, 0.1421327697, 0.0029526484, 0.0001000000],
      [15, -2819.8924096074, 0.1421326573, 0.0029417511, 0.0001000000],
      [22, -2819.9078992117, 0.1399480418, 0.0000500000, 0.0001000000]
      ],
    "n": ["KY908320"]
    },
    {"p": [
      [12, -2819.8905494800, 0.1024691218, 0.0000010928, 0.0001000000],
      [13, -2819.8905546766, 0.1024685893, 0.0000010928, 0.0001000000],
      [11, -2819.8905610961, 0.1024679315, 0.0000010928, 0.0001000000],
      [14, -2819.8922600057, 0.1022939956, 0.0029442394, 0.0001000000],
      [10, -2819.8923458952, 0.1022852099, 0.0000500000, 0.0001000000],
      [5, -2819.8927793063, 0.1022408880, 0.0000500000, 0.0001000000],
      [6, -2819.8927793063, 0.1022408880, 0.0000500000, 0.0001000000]
      ],
    "n": ["KY908318"]
    },
    {"p": [
      [12, -2819.8905494800, 0.1024691218, 0.0000010928, 0.0001000000],
      [13, -2819.8905546766, 0.1024685893, 0.0000010928, 0.0001000000],
      [11, -2819.8905610961, 0.1024679315, 0.0000010928, 0.0001000000],
      [14, -2819.8922600057, 0.1022939956, 0.0029442394, 0.0001000000],
      [10, -2819.8923458952, 0.1022852099, 0.0000500000, 0.0001000000],
      [6, -2819.8927793063, 0.1022408880, 0.0000500000, 0.0001000000],
      [5, -2819.8927793063, 0.1022408880, 0.0000500000, 0.0001000000]
      ],
    "n": ["JX069968"]
    },
    {"p": [
      [14, -2819.9077547711, 0.9983002836, 0.0000500000, 0.0001000000]
      ],
    "n": ["AP017700"]
    },
    {"p": [
      [2, -2819.8906957265, 0.1423764646, 0.0000010928, 0.0001000000],
      [3, -2819.8906957265, 0.1423764646, 0.0000010928, 0.0001000000],
      [4, -2819.8906957418, 0.1423764625, 0.0000010928, 0.0001000000],
      [21, -2819.8906989014, 0.1423760126, 0.0000010928, 0.0001000000],
      [20, -2819.8924088166, 0.1421327697, 0.0029526484, 0.0001000000],
      [15, -2819.8924096074, 0.1421326573, 0.0029417511, 0.0001000000],
      [22, -2819.9078992117, 0.1399480418, 0.0000500000, 0.0001000000]
      ],
    "n": ["MF795606"]
    },
    {"p": [
      [12, -2819.8905494800, 0.1024691218, 0.0000010928, 0.0001000000],
      [13, -2819.8905546766, 0.1024685893, 0.0000010928, 0.0001000000],
      [11, -2819.8905610961, 0.1024679315, 0.0000010928, 0.0001000000],
      [14, -2819.8922600057, 0.1022939956, 0.0029442394, 0.0001000000],
      [10, -2819.8923458952, 0.1022852099, 0.0000500000, 0.0001000000],
      [6, -2819.8927793063, 0.1022408880, 0.0000500000, 0.0001000000],
      [5, -2819.8927793063, 0.1022408880, 0.0000500000, 0.0001000000]
      ],
    "n": ["MF795630"]
    },
    {"p": [
      [12, -2819.8905494800, 0.1024691218, 0.0000010928, 0.0001000000],
      [13, -2819.8905546766, 0.1024685893, 0.0000010928, 0.0001000000],
      [11, -2819.8905610961, 0.1024679315, 0.0000010928, 0.0001000000],
      [14, -2819.8922600057, 0.1022939956, 0.0029442394, 0.0001000000],
      [10, -2819.8923458952, 0.1022852099, 0.0000500000, 0.0001000000],
      [6, -2819.8927793063, 0.1022408880, 0.0000500000, 0.0001000000],
      [5, -2819.8927793063, 0.1022408880, 0.0000500000, 0.0001000000]
      ],
    "n": ["MF795625"]
    },
    {"p": [
      [16, -2819.8905083410, 0.3337914952, 0.0000010928, 0.0001000000],
      [19, -2819.8922074392, 0.3332248322, 0.0059525153, 0.0001000000],
      [20, -2819.9076132627, 0.3281305707, 0.0000500000, 0.0001000000]
      ],
    "n": ["MF795599"]
    },
    {"p": [
      [12, -2819.8905494800, 0.1024691218, 0.0000010928, 0.0001000000],
      [13, -2819.8905546766, 0.1024685893, 0.0000010928, 0.0001000000],
      [11, -2819.8905610961, 0.1024679315, 0.0000010928, 0.0001000000],
      [14, -2819.8922600057, 0.1022939956, 0.0029442394, 0.0001000000],
      [10, -2819.8923458952, 0.1022852099, 0.0000500000, 0.0001000000],
      [6, -2819.8927793063, 0.1022408880, 0.0000500000, 0.0001000000],
      [5, -2819.8927793063, 0.1022408880, 0.0000500000, 0.0001000000]
      ],
    "n": ["MF795608"]
    },
    {"p": [
      [17, -2819.8904669621, 0.3352036210, 0.0000010928, 0.0001000000],
      [18, -2819.8904669621, 0.3352036210, 0.0000010928, 0.0001000000],
      [19, -2819.9074495410, 0.3295590643, 0.0000500000, 0.0001000000]
      ],
    "n": ["MF795616"]
    },
    {"p": [
      [17, -2819.8904669621, 0.3352036210, 0.0000010928, 0.0001000000],
      [18, -2819.8904669621, 0.3352036210, 0.0000010928, 0.0001000000],
      [19, -2819.9074495410, 0.3295590643, 0.0000500000, 0.0001000000]
      ],
    "n": ["MF795614"]
    },
    {"p": [
      [69, -2819.9079356200, 0.9888069979, 0.0000500000, 0.0001000000]
      ],
    "n": ["KU885998"]
    },
    {"p": [
      [95, -2819.9053934737, 0.9999795249, 0.0000500000, 0.0001000000]
      ],
    "n": ["KP898741"]
    },
    {"p": [
      [37, -2819.9063418067, 0.9883537700, 0.0000500000, 0.0001000000]
      ],
    "n": ["AJ544832"]
    },
    {"p": [
      [60, -2819.9079462005, 0.7316361185, 0.0000500000, 0.0001000000],
      [61, -2821.5971850021, 0.1351039501, 0.0065020649, 0.0001000000],
      [62, -2821.6109278927, 0.1332599314, 0.0000500000, 0.0001000000]
      ],
    "n": ["KR676613"]
    },
    {"p": [
      [44, -2819.8897916850, 0.1586396880, 0.0000010928, 0.0001000000],
      [43, -2819.8898009399, 0.1586382198, 0.0000010928, 0.0001000000],
      [42, -2819.8913895480, 0.1583864059, 0.0096503525, 0.0001000000],
      [41, -2819.8913906343, 0.1583862338, 0.0096051644, 0.0001000000],
      [45, -2819.9060290351, 0.1560845999, 0.0000500000, 0.0001000000],
      [36, -2820.3109579766, 0.1041122064, 0.0164982717, 0.0001000000],
      [46, -2820.3333269735, 0.1018091751, 0.0000500000, 0.0001000000]
      ],
    "n": ["MW242630"]
    },
    {"p": [
      [42, -2819.9053742875, 0.9999971521, 0.0000500000, 0.0001000000]
      ],
    "n": ["KP760331"]
    },
    {"p": [
      [48, -2819.9056481835, 0.9979432677, 0.0000500000, 0.0001000000]
      ],
    "n": ["AM779778"]
    },
    {"p": [
      [96, -2819.9056868244, 1.0000000000, 0.0000500000, 0.0001000000]
      ],
    "n": ["KP898743"]
    },
    {"p": [
      [25, -2819.8906128736, 0.2006860707, 0.0000010928, 0.0001000000],
      [24, -2819.8906128737, 0.2006860707, 0.0000012510, 0.0001000000],
      [26, -2819.8906322066, 0.2006821909, 0.0000010292, 0.0001000000],
      [27, -2819.8922665995, 0.2003544652, 0.0268878678, 0.0001000000],
      [28, -2819.9061544604, 0.1975912026, 0.0000500000, 0.0001000000]
      ],
    "n": ["AJ544843"]
    },
    {"p": [
      [40, -2819.8900133982, 0.2007681238, 0.0000010928, 0.0001000000],
      [39, -2819.8900391886, 0.2007629460, 0.0000010928, 0.0001000000],
      [38, -2819.8916440503, 0.2004410076, 0.0195757876, 0.0001000000],
      [37, -2819.8916621366, 0.2004373824, 0.0031300645, 0.0001000000],
      [41, -2819.9059671687, 0.1975905299, 0.0000500000, 0.0001000000]
      ],
    "n": ["AM779773"]
    },
    {"p": [
      [51, -2819.9057224761, 0.9999974040, 0.0000500000, 0.0001000000]
      ],
    "n": ["KP898736"]
    },
    {"p": [
      [61, -2819.9085287690, 0.9991087898, 0.0000500000, 0.0001000000]
      ],
    "n": ["KU885999"]
    },
    {"p": [
      [75, -2819.9046792424, 1.0000000000, 0.0000500000, 0.0001000000]
      ],
    "n": ["KY828986"]
    },
    {"p": [
      [38, -2819.9063951479, 1.0000000000, 0.0000500000, 0.0001000000]
      ],
    "n": ["AM779776"]
    },
    {"p": [
      [63, -2819.9077921907, 1.0000000000, 0.0000500000, 0.0001000000]
      ],
    "n": ["AM779775"]
    },
    {"p": [
      [32, -2819.8899377988, 0.3352721275, 0.0000013952, 0.0001000000],
      [31, -2819.8916010083, 0.3347149632, 0.0237467829, 0.0001000000],
      [33, -2819.9057485732, 0.3300129013, 0.0000500000, 0.0001000000]
      ],
    "n": ["KP760318"]
    },
    {"p": [
      [73, -2819.9089346475, 1.0000000000, 0.0000500000, 0.0001000000]
      ],
    "n": ["MN635456"]
    },
    {"p": [
      [29, -2819.9081981098, 0.3617536130, 0.0000510669, 0.0001000000],
      [28, -2820.0267205839, 0.3213210821, 0.0231646897, 0.0001000000],
      [30, -2820.0404953484, 0.3169253048, 0.0000500000, 0.0001000000]
      ],
    "n": ["MT808311"]
    },
    {"p": [
      [86, -2819.9057282418, 1.0000000000, 0.0000500000, 0.0001000000]
      ],
    "n": ["KX853320"]
    },
    {"p": [
      [79, -2819.9056913233, 0.9999997567, 0.0000500000, 0.0001000000]
      ],
    "n": ["HQ207645"]
    },
    {"p": [
      [81, -2819.8884817463, 0.3274808143, 0.0000010928, 0.0001000000],
      [80, -2819.8892552901, 0.3272275915, 0.0065828169, 0.0001000000],
      [82, -2819.8961727019, 0.3249718345, 0.0000500000, 0.0001000000]
      ],
    "n": ["JN863696"]
    },
    {"p": [
      [83, -2819.8899206581, 0.2002865209, 0.0000010928, 0.0001000000],
      [84, -2819.8899206581, 0.2002865209, 0.0000010928, 0.0001000000],
      [85, -2819.8899249750, 0.2002856563, 0.0000010928, 0.0001000000],
      [86, -2819.8914987272, 0.1999707042, 0.0162581771, 0.0001000000],
      [87, -2819.9061134148, 0.1970694469, 0.0000500000, 0.0001000000]
      ],
    "n": ["KP347443"]
    },
    {"p": [
      [101, -2819.9038649582, 1.0000000000, 0.0000500000, 0.0001000000]
      ],
    "n": ["KP898740"]
    },
    {"p": [
      [99, -2819.9075463628, 0.9085128984, 0.0000500000, 0.0001000000],
      [98, -2823.3432085894, 0.0292578191, 0.0133031232, 0.0001000000],
      [100, -2823.3750748639, 0.0283401800, 0.0000506122, 0.0001000000],
      [101, -2823.8817291885, 0.0170751853, 0.0228508093, 0.0001000000],
      [102, -2823.8971485749, 0.0168139159, 0.0000500000, 0.0001000000]
      ],
    "n": ["KY677825"]
    },
    {"p": [
      [0, -2842.5994832416, 1.0000000000, 0.0000500000, 0.0077925850]
      ],
    "n": ["MW055452.1:45427 Thelazia californiensis isolate Adult Female small subunit ribosomal RNA gene, partial sequence; mitochondrial"]
    },
    {"p": [
      [16, -2819.8905083410, 0.3337914952, 0.0000010928, 0.0001000000],
      [19, -2819.8922074392, 0.3332248322, 0.0059525153, 0.0001000000],
      [20, -2819.9076132627, 0.3281305707, 0.0000500000, 0.0001000000]
      ],
    "n": ["MF795605.1:40415 Thelazia callipaeda voucher LA6 12S ribosomal RNA gene, partial sequence; mitochondrial"]
    },
    {"p": [
      [16, -2819.8905083410, 0.3337914952, 0.0000010928, 0.0001000000],
      [19, -2819.8922074392, 0.3332248322, 0.0059525153, 0.0001000000],
      [20, -2819.9076132627, 0.3281305707, 0.0000500000, 0.0001000000]
      ],
    "n": ["MF795604.1:40415 Thelazia callipaeda voucher LA5 12S ribosomal RNA gene, partial sequence; mitochondrial"]
    },
    {"p": [
      [16, -2819.8905083410, 0.3337914952, 0.0000010928, 0.0001000000],
      [19, -2819.8922074392, 0.3332248322, 0.0059525153, 0.0001000000],
      [20, -2819.9076132627, 0.3281305707, 0.0000500000, 0.0001000000]
      ],
    "n": ["MF795603.1:40415 Thelazia callipaeda voucher LA4 12S ribosomal RNA gene, partial sequence; mitochondrial"]
    },
    {"p": [
      [16, -2819.8905083410, 0.3337914952, 0.0000010928, 0.0001000000],
      [19, -2819.8922074392, 0.3332248322, 0.0059525153, 0.0001000000],
      [20, -2819.9076132627, 0.3281305707, 0.0000500000, 0.0001000000]
      ],
    "n": ["MF795602.1:40415 Thelazia callipaeda voucher LA3 12S ribosomal RNA gene, partial sequence; mitochondrial"]
    },
    {"p": [
      [16, -2819.8905083410, 0.3337914952, 0.0000010928, 0.0001000000],
      [19, -2819.8922074392, 0.3332248322, 0.0059525153, 0.0001000000],
      [20, -2819.9076132627, 0.3281305707, 0.0000500000, 0.0001000000]
      ],
    "n": ["MF795601.1:40415 Thelazia callipaeda voucher LA2 12S ribosomal RNA gene, partial sequence; mitochondrial"]
    },
    {"p": [
      [16, -2819.8905083410, 0.3337914952, 0.0000010928, 0.0001000000],
      [19, -2819.8922074392, 0.3332248322, 0.0059525153, 0.0001000000],
      [20, -2819.9076132627, 0.3281305707, 0.0000500000, 0.0001000000]
      ],
    "n": ["MF795600.1:40415 Thelazia callipaeda voucher LA1 12S ribosomal RNA gene, partial sequence; mitochondrial"]
    },
    {"p": [
      [2, -2819.8906957265, 0.1423764646, 0.0000010928, 0.0001000000],
      [3, -2819.8906957265, 0.1423764646, 0.0000010928, 0.0001000000],
      [4, -2819.8906957418, 0.1423764625, 0.0000010928, 0.0001000000],
      [21, -2819.8906989014, 0.1423760126, 0.0000010928, 0.0001000000],
      [20, -2819.8924088166, 0.1421327697, 0.0029526484, 0.0001000000],
      [15, -2819.8924096074, 0.1421326573, 0.0029417511, 0.0001000000],
      [22, -2819.9078992117, 0.1399480418, 0.0000500000, 0.0001000000]
      ],
    "n": ["MF795628.1:40415 Thelazia callipaeda voucher LY2 12S ribosomal RNA gene, partial sequence; mitochondrial"]
    },
    {"p": [
      [2, -2819.8906957265, 0.1423764646, 0.0000010928, 0.0001000000],
      [3, -2819.8906957265, 0.1423764646, 0.0000010928, 0.0001000000],
      [4, -2819.8906957418, 0.1423764625, 0.0000010928, 0.0001000000],
      [21, -2819.8906989014, 0.1423760126, 0.0000010928, 0.0001000000],
      [20, -2819.8924088166, 0.1421327697, 0.0029526484, 0.0001000000],
      [15, -2819.8924096074, 0.1421326573, 0.0029417511, 0.0001000000],
      [22, -2819.9078992117, 0.1399480418, 0.0000500000, 0.0001000000]
      ],
    "n": ["MF795627.1:40415 Thelazia callipaeda voucher LY1 12S ribosomal RNA gene, partial sequence; mitochondrial"]
    },
    {"p": [
      [2, -2819.8906957265, 0.1423764646, 0.0000010928, 0.0001000000],
      [3, -2819.8906957265, 0.1423764646, 0.0000010928, 0.0001000000],
      [4, -2819.8906957418, 0.1423764625, 0.0000010928, 0.0001000000],
      [21, -2819.8906989014, 0.1423760126, 0.0000010928, 0.0001000000],
      [20, -2819.8924088166, 0.1421327697, 0.0029526484, 0.0001000000],
      [15, -2819.8924096074, 0.1421326573, 0.0029417511, 0.0001000000],
      [22, -2819.9078992117, 0.1399480418, 0.0000500000, 0.0001000000]
      ],
    "n": ["MF795623.1:40415 Thelazia callipaeda voucher PDS7 12S ribosomal RNA gene, partial sequence; mitochondrial"]
    },
    {"p": [
      [2, -2819.8906957265, 0.1423764646, 0.0000010928, 0.0001000000],
      [3, -2819.8906957265, 0.1423764646, 0.0000010928, 0.0001000000],
      [4, -2819.8906957418, 0.1423764625, 0.0000010928, 0.0001000000],
      [21, -2819.8906989014, 0.1423760126, 0.0000010928, 0.0001000000],
      [20, -2819.8924088166, 0.1421327697, 0.0029526484, 0.0001000000],
      [15, -2819.8924096074, 0.1421326573, 0.0029417511, 0.0001000000],
      [22, -2819.9078992117, 0.1399480418, 0.0000500000, 0.0001000000]
      ],
    "n": ["MF795619.1:40415 Thelazia callipaeda voucher PDS3 12S ribosomal RNA gene, partial sequence; mitochondrial"]
    },
    {"p": [
      [2, -2819.8906957265, 0.1423764646, 0.0000010928, 0.0001000000],
      [3, -2819.8906957265, 0.1423764646, 0.0000010928, 0.0001000000],
      [4, -2819.8906957418, 0.1423764625, 0.0000010928, 0.0001000000],
      [21, -2819.8906989014, 0.1423760126, 0.0000010928, 0.0001000000],
      [20, -2819.8924088166, 0.1421327697, 0.0029526484, 0.0001000000],
      [15, -2819.8924096074, 0.1421326573, 0.0029417511, 0.0001000000],
      [22, -2819.9078992117, 0.1399480418, 0.0000500000, 0.0001000000]
      ],
    "n": ["MF795618.1:40415 Thelazia callipaeda voucher PDS2 12S ribosomal RNA gene, partial sequence; mitochondrial"]
    },
    {"p": [
      [2, -2819.8906957265, 0.1423764646, 0.0000010928, 0.0001000000],
      [3, -2819.8906957265, 0.1423764646, 0.0000010928, 0.0001000000],
      [4, -2819.8906957418, 0.1423764625, 0.0000010928, 0.0001000000],
      [21, -2819.8906989014, 0.1423760126, 0.0000010928, 0.0001000000],
      [20, -2819.8924088166, 0.1421327697, 0.0029526484, 0.0001000000],
      [15, -2819.8924096074, 0.1421326573, 0.0029417511, 0.0001000000],
      [22, -2819.9078992117, 0.1399480418, 0.0000500000, 0.0001000000]
      ],
    "n": ["MF795617.1:40415 Thelazia callipaeda voucher PDS1 12S ribosomal RNA gene, partial sequence; mitochondrial"]
    },
    {"p": [
      [14, -2819.9077547711, 0.9983002836, 0.0000500000, 0.0001000000]
      ],
    "n": ["MW575766.1:40415 Thelazia callipaeda isolate adult small subunit ribosomal RNA gene, partial sequence; mitochondrial"]
    },
    {"p": [
      [14, -2819.9077547711, 0.9983002836, 0.0000500000, 0.0001000000]
      ],
    "n": ["AP017700.1:10221397 Thelazia callipaeda mitochondrial DNA, complete genome"]
    },
    {"p": [
      [2, -2819.8906957265, 0.1423764646, 0.0000010928, 0.0001000000],
      [3, -2819.8906957265, 0.1423764646, 0.0000010928, 0.0001000000],
      [4, -2819.8906957418, 0.1423764625, 0.0000010928, 0.0001000000],
      [21, -2819.8906989014, 0.1423760126, 0.0000010928, 0.0001000000],
      [20, -2819.8924088166, 0.1421327697, 0.0029526484, 0.0001000000],
      [15, -2819.8924096074, 0.1421326573, 0.0029417511, 0.0001000000],
      [22, -2819.9078992117, 0.1399480418, 0.0000500000, 0.0001000000]
      ],
    "n": ["KY908320.1:52585633 Thelazia callipaeda voucher HeNPDS1 mitochondrion, complete genome"]
    },
    {"p": [
      [12, -2819.8905494800, 0.1024691218, 0.0000010928, 0.0001000000],
      [13, -2819.8905546766, 0.1024685893, 0.0000010928, 0.0001000000],
      [11, -2819.8905610961, 0.1024679315, 0.0000010928, 0.0001000000],
      [14, -2819.8922600057, 0.1022939956, 0.0029442394, 0.0001000000],
      [10, -2819.8923458952, 0.1022852099, 0.0000500000, 0.0001000000],
      [5, -2819.8927793063, 0.1022408880, 0.0000500000, 0.0001000000],
      [6, -2819.8927793063, 0.1022408880, 0.0000500000, 0.0001000000]
      ],
    "n": ["MF795630.1:40415 Thelazia callipaeda voucher ZZ2 12S ribosomal RNA gene, partial sequence; mitochondrial"]
    },
    {"p": [
      [12, -2819.8905494800, 0.1024691218, 0.0000010928, 0.0001000000],
      [13, -2819.8905546766, 0.1024685893, 0.0000010928, 0.0001000000],
      [11, -2819.8905610961, 0.1024679315, 0.0000010928, 0.0001000000],
      [14, -2819.8922600057, 0.1022939956, 0.0029442394, 0.0001000000],
      [10, -2819.8923458952, 0.1022852099, 0.0000500000, 0.0001000000],
      [5, -2819.8927793063, 0.1022408880, 0.0000500000, 0.0001000000],
      [6, -2819.8927793063, 0.1022408880, 0.0000500000, 0.0001000000]
      ],
    "n": ["MF795626.1:40415 Thelazia callipaeda voucher JZ2 12S ribosomal RNA gene, partial sequence; mitochondrial"]
    },
    {"p": [
      [12, -2819.8905494800, 0.1024691218, 0.0000010928, 0.0001000000],
      [13, -2819.8905546766, 0.1024685893, 0.0000010928, 0.0001000000],
      [11, -2819.8905610961, 0.1024679315, 0.0000010928, 0.0001000000],
      [14, -2819.8922600057, 0.1022939956, 0.0029442394, 0.0001000000],
      [10, -2819.8923458952, 0.1022852099, 0.0000500000, 0.0001000000],
      [5, -2819.8927793063, 0.1022408880, 0.0000500000, 0.0001000000],
      [6, -2819.8927793063, 0.1022408880, 0.0000500000, 0.0001000000]
      ],
    "n": ["MF795625.1:40415 Thelazia callipaeda voucher JZ1 12S ribosomal RNA gene, partial sequence; mitochondrial"]
    },
    {"p": [
      [12, -2819.8905494800, 0.1024691218, 0.0000010928, 0.0001000000],
      [13, -2819.8905546766, 0.1024685893, 0.0000010928, 0.0001000000],
      [11, -2819.8905610961, 0.1024679315, 0.0000010928, 0.0001000000],
      [14, -2819.8922600057, 0.1022939956, 0.0029442394, 0.0001000000],
      [10, -2819.8923458952, 0.1022852099, 0.0000500000, 0.0001000000],
      [5, -2819.8927793063, 0.1022408880, 0.0000500000, 0.0001000000],
      [6, -2819.8927793063, 0.1022408880, 0.0000500000, 0.0001000000]
      ],
    "n": ["MF795624.1:40415 Thelazia callipaeda voucher PDS8 12S ribosomal RNA gene, partial sequence; mitochondrial"]
    },
    {"p": [
      [12, -2819.8905494800, 0.1024691218, 0.0000010928, 0.0001000000],
      [13, -2819.8905546766, 0.1024685893, 0.0000010928, 0.0001000000],
      [11, -2819.8905610961, 0.1024679315, 0.0000010928, 0.0001000000],
      [14, -2819.8922600057, 0.1022939956, 0.0029442394, 0.0001000000],
      [10, -2819.8923458952, 0.1022852099, 0.0000500000, 0.0001000000],
      [6, -2819.8927793063, 0.1022408880, 0.0000500000, 0.0001000000],
      [5, -2819.8927793063, 0.1022408880, 0.0000500000, 0.0001000000]
      ],
    "n": ["MF795622.1:40415 Thelazia callipaeda voucher PDS6 12S ribosomal RNA gene, partial sequence; mitochondrial"]
    },
    {"p": [
      [12, -2819.8905494800, 0.1024691218, 0.0000010928, 0.0001000000],
      [13, -2819.8905546766, 0.1024685893, 0.0000010928, 0.0001000000],
      [11, -2819.8905610961, 0.1024679315, 0.0000010928, 0.0001000000],
      [14, -2819.8922600057, 0.1022939956, 0.0029442394, 0.0001000000],
      [10, -2819.8923458952, 0.1022852099, 0.0000500000, 0.0001000000],
      [5, -2819.8927793063, 0.1022408880, 0.0000500000, 0.0001000000],
      [6, -2819.8927793063, 0.1022408880, 0.0000500000, 0.0001000000]
      ],
    "n": ["MF795621.1:40415 Thelazia callipaeda voucher PDS5 12S ribosomal RNA gene, partial sequence; mitochondrial"]
    },
    {"p": [
      [12, -2819.8905494800, 0.1024691218, 0.0000010928, 0.0001000000],
      [13, -2819.8905546766, 0.1024685893, 0.0000010928, 0.0001000000],
      [11, -2819.8905610961, 0.1024679315, 0.0000010928, 0.0001000000],
      [14, -2819.8922600057, 0.1022939956, 0.0029442394, 0.0001000000],
      [10, -2819.8923458952, 0.1022852099, 0.0000500000, 0.0001000000],
      [6, -2819.8927793063, 0.1022408880, 0.0000500000, 0.0001000000],
      [5, -2819.8927793063, 0.1022408880, 0.0000500000, 0.0001000000]
      ],
    "n": ["MF795620.1:40415 Thelazia callipaeda voucher PDS4 12S ribosomal RNA gene, partial sequence; mitochondrial"]
    },
    {"p": [
      [12, -2819.8905494800, 0.1024691218, 0.0000010928, 0.0001000000],
      [13, -2819.8905546766, 0.1024685893, 0.0000010928, 0.0001000000],
      [11, -2819.8905610961, 0.1024679315, 0.0000010928, 0.0001000000],
      [14, -2819.8922600057, 0.1022939956, 0.0029442394, 0.0001000000],
      [10, -2819.8923458952, 0.1022852099, 0.0000500000, 0.0001000000],
      [5, -2819.8927793063, 0.1022408880, 0.0000500000, 0.0001000000],
      [6, -2819.8927793063, 0.1022408880, 0.0000500000, 0.0001000000]
      ],
    "n": ["KY908318.1:52585633 Thelazia callipaeda voucher HeNZZ1 mitochondrion, complete genome"]
    },
    {"p": [
      [12, -2819.8905494800, 0.1024691218, 0.0000010928, 0.0001000000],
      [13, -2819.8905546766, 0.1024685893, 0.0000010928, 0.0001000000],
      [11, -2819.8905610961, 0.1024679315, 0.0000010928, 0.0001000000],
      [14, -2819.8922600057, 0.1022939956, 0.0029442394, 0.0001000000],
      [10, -2819.8923458952, 0.1022852099, 0.0000500000, 0.0001000000],
      [5, -2819.8927793063, 0.1022408880, 0.0000500000, 0.0001000000],
      [6, -2819.8927793063, 0.1022408880, 0.0000500000, 0.0001000000]
      ],
    "n": ["JX069968.1:52635638 Thelazia callipaeda mitochondrion, complete genome"]
    },
    {"p": [
      [31, -2809.5697101794, 0.9979424355, 0.0130889313, 0.0116695208]
      ],
    "n": ["AP017680.1:52445623 Brugia pahangi mitochondrial DNA, complete genome"]
    },
    {"p": [
      [93, -2863.5930258553, 0.5269944468, 0.0107359539, 0.0118644041],
      [92, -2864.3942559195, 0.2365027763, 0.0000010928, 0.0230587748],
      [91, -2864.3942559195, 0.2365027763, 0.0000010928, 0.0230587748]
      ],
    "n": ["MT252012.1:62448 Acanthocheilonema reconditum voucher CMT14 small subunit ribosomal RNA gene, partial sequence; mitochondrial"]
    },
    {"p": [
      [24, -2819.8930712528, 0.2007854299, 0.0000012510, 0.0001000000],
      [25, -2819.8931465318, 0.2007703156, 0.0000010928, 0.0001000000],
      [26, -2819.8931798099, 0.2007636344, 0.0000010292, 0.0001000000],
      [27, -2819.8949749337, 0.2004035621, 0.0268878678, 0.0001000000],
      [28, -2819.9106989520, 0.1972770579, 0.0000500000, 0.0001000000]
      ],
    "n": ["MN598549.1:45426 Brugia malayi isolate BMCM1 12S ribosomal RNA gene, partial sequence; mitochondrial"]
    },
    {"p": [
      [24, -2819.8930712528, 0.2007854299, 0.0000012510, 0.0001000000],
      [25, -2819.8931465318, 0.2007703156, 0.0000010928, 0.0001000000],
      [26, -2819.8931798099, 0.2007636344, 0.0000010292, 0.0001000000],
      [27, -2819.8949749337, 0.2004035621, 0.0268878678, 0.0001000000],
      [28, -2819.9106989520, 0.1972770579, 0.0000500000, 0.0001000000]
      ],
    "n": ["AF538716.1:74897870 Brugia malayi mitochondrion, complete genome"]
    },
    {"p": [
      [24, -2819.8930712528, 0.2007854299, 0.0000012510, 0.0001000000],
      [25, -2819.8931465318, 0.2007703156, 0.0000010928, 0.0001000000],
      [26, -2819.8931798099, 0.2007636344, 0.0000010292, 0.0001000000],
      [27, -2819.8949749337, 0.2004035621, 0.0268878678, 0.0001000000],
      [28, -2819.9106989520, 0.1972770579, 0.0000500000, 0.0001000000]
      ],
    "n": ["AJ544843.1:43424 Brugia malayi mitochondrial partial 12S rRNA gene"]
    },
    {"p": [
      [24, -2819.8930712528, 0.2007854299, 0.0000012510, 0.0001000000],
      [25, -2819.8931465318, 0.2007703156, 0.0000010928, 0.0001000000],
      [26, -2819.8931798099, 0.2007636344, 0.0000010292, 0.0001000000],
      [27, -2819.8949749337, 0.2004035621, 0.0268878678, 0.0001000000],
      [28, -2819.9106989520, 0.1972770579, 0.0000500000, 0.0001000000]
      ],
    "n": ["MT149211.1:74897870 Brugia malayi mitochondrion, complete genome"]
    },
    {"p": [
      [99, -2468.9406443248, 0.2416264093, 0.0034958297, 0.0028661529],
      [98, -2468.9741941539, 0.2336543627, 0.0133031232, 0.0028597004],
      [101, -2469.2523212585, 0.1769232170, 0.0228508093, 0.0020089314],
      [100, -2469.2639312965, 0.1748810097, 0.0007216823, 0.0020461419],
      [102, -2469.2752378887, 0.1729148378, 0.0000500000, 0.0019978482]
      ],
    "n": ["KY677823.1:1343 Acanthocheilonema reconditum isolate BD20 12S ribosomal RNA gene, partial sequence; mitochondrial"]
    },
    {"p": [
      [99, -2455.1206261925, 0.9129860865, 0.0000500000, 0.0001000000],
      [98, -2458.6073884603, 0.0279371787, 0.0133031232, 0.0001000000],
      [100, -2458.6400775247, 0.0270387037, 0.0000506122, 0.0001000000],
      [101, -2459.1565076772, 0.0161325530, 0.0228508093, 0.0001000000],
      [102, -2459.1706833459, 0.0159054766, 0.0000500000, 0.0001000000]
      ],
    "n": ["KY677824.1:1343 Acanthocheilonema reconditum isolate K61 12S ribosomal RNA gene, partial sequence; mitochondrial"]
    },
    {"p": [
      [28, -2790.4081562051, 0.9997150073, 0.0176953143, 0.0042977148]
      ],
    "n": ["MT808311.1:24397 Brugia malayi isolate BM2707 small subunit ribosomal RNA gene, partial sequence; mitochondrial"]
    },
    {"p": [
      [31, -2832.9126502773, 0.9452993167, 0.0173286898, 0.0244300326],
      [33, -2836.1512364810, 0.0370739813, 0.0041053179, 0.0286729648],
      [32, -2836.8947900355, 0.0176257668, 0.0000013952, 0.0328343185]
      ],
    "n": ["AJ544842.1:47425 Brugia pahangi mitochondrial partial 12S rRNA gene"]
    },
    {"p": [
      [99, -2268.5986065102, 0.7738546141, 0.0010888575, 0.0036057237],
      [98, -2271.1572875868, 0.0599015836, 0.0133031232, 0.0017261234],
      [100, -2271.1629243804, 0.0595648806, 0.0000506122, 0.0016842029],
      [101, -2271.2709965025, 0.0534632246, 0.0228508093, 0.0010529582],
      [102, -2271.2756380943, 0.0532156451, 0.0000500000, 0.0007318501]
      ],
    "n": ["KY677826.1:7334 Acanthocheilonema reconditum isolate N10 12S ribosomal RNA gene, partial sequence; mitochondrial"]
    },
    {"p": [
      [63, -2867.9230003664, 0.3291456281, 0.0537218507, 0.0320529232],
      [62, -2867.9235935872, 0.3289504300, 0.0836846259, 0.0320537862],
      [64, -2867.9398717095, 0.3236390813, 0.0000500000, 0.0320694946]
      ],
    "n": ["KP760331.1:5391 Dirofilaria repens voucher 297YU MNHN 12S ribosomal RNA gene, partial sequence; mitochondrial"]
    },
    {"p": [
      [63, -2857.5494277532, 0.3309497667, 0.0537218507, 0.0184041184],
      [62, -2857.5497478757, 0.3308438392, 0.0836846259, 0.0184031645],
      [64, -2857.5668355192, 0.3252385248, 0.0000500000, 0.0184205183]
      ],
    "n": ["MK192091.1:43429 Dirofilaria repens isolate Ioannina small subunit ribosomal RNA gene, partial sequence; mitochondrial"]
    },
    {"p": [
      [63, -2857.5494277532, 0.3309497667, 0.0537218507, 0.0184041184],
      [62, -2857.5497478757, 0.3308438392, 0.0836846259, 0.0184031645],
      [64, -2857.5668355192, 0.3252385248, 0.0000500000, 0.0184205183]
      ],
    "n": ["KX265072.1:10711457 Dirofilaria repens voucher 37 Italy mitochondrion, partial genome"]
    },
    {"p": [
      [63, -2857.5494277532, 0.3309497667, 0.0537218507, 0.0184041184],
      [62, -2857.5497478757, 0.3308438392, 0.0836846259, 0.0184031645],
      [64, -2857.5668355192, 0.3252385248, 0.0000500000, 0.0184205183]
      ],
    "n": ["KX265070.1:10701456 Dirofilaria repens voucher 35 Hungary mitochondrion, partial genome"]
    },
    {"p": [
      [63, -2857.5494277532, 0.3309497667, 0.0537218507, 0.0184041184],
      [62, -2857.5497478757, 0.3308438392, 0.0836846259, 0.0184031645],
      [64, -2857.5668355192, 0.3252385248, 0.0000500000, 0.0184205183]
      ],
    "n": ["KX265068.1:10691455 Dirofilaria repens voucher 25 Hungary mitochondrion, partial genome"]
    },
    {"p": [
      [63, -2857.5494277532, 0.3309497667, 0.0537218507, 0.0184041184],
      [62, -2857.5497478757, 0.3308438392, 0.0836846259, 0.0184031645],
      [64, -2857.5668355192, 0.3252385248, 0.0000500000, 0.0184205183]
      ],
    "n": ["KX265067.1:10691455 Dirofilaria repens voucher 24 Hungary mitochondrion, partial genome"]
    },
    {"p": [
      [63, -2860.7065751138, 0.3301077452, 0.0537218507, 0.0227362732],
      [62, -2860.7068829543, 0.3300061404, 0.0836846259, 0.0227399276],
      [64, -2860.7232238514, 0.3246573649, 0.0000500000, 0.0227554113]
      ],
    "n": ["KX265065.1:10721458 Dirofilaria repens voucher 22 Hungary mitochondrion, partial genome"]
    },
    {"p": [
      [63, -2857.5494277532, 0.3309497667, 0.0537218507, 0.0184041184],
      [62, -2857.5497478757, 0.3308438392, 0.0836846259, 0.0184031645],
      [64, -2857.5668355192, 0.3252385248, 0.0000500000, 0.0184205183]
      ],
    "n": ["KX265053.1:10701456 Dirofilaria repens voucher 5 Hungary mitochondrion, partial genome"]
    },
    {"p": [
      [63, -2862.0903615419, 0.3307180302, 0.0537218507, 0.0232685849],
      [62, -2862.0911211371, 0.3304669137, 0.0836846259, 0.0232687086],
      [64, -2862.1083671654, 0.3248165353, 0.0000500000, 0.0232851177]
      ],
    "n": ["KX265084.1:10721459 Dirofilaria repens voucher 56 Poland mitochondrion, partial genome"]
    },
    {"p": [
      [63, -2860.7191651626, 0.3301182095, 0.0537218507, 0.0226795235],
      [62, -2860.7194753839, 0.3300158157, 0.0836846259, 0.0226832282],
      [64, -2860.7358203514, 0.3246655619, 0.0000500000, 0.0226986925]
      ],
    "n": ["KX265083.1:10721459 Dirofilaria repens voucher 55 Poland mitochondrion, partial genome"]
    },
    {"p": [
      [63, -2862.0903615419, 0.3307180302, 0.0537218507, 0.0232685849],
      [62, -2862.0911211371, 0.3304669137, 0.0836846259, 0.0232687086],
      [64, -2862.1083671654, 0.3248165353, 0.0000500000, 0.0232851177]
      ],
    "n": ["KX265082.1:10721459 Dirofilaria repens voucher 54 Poland mitochondrion, partial genome"]
    },
    {"p": [
      [63, -2857.5596916125, 0.3309588420, 0.0537218507, 0.0183575520],
      [62, -2857.5600141676, 0.3308521068, 0.0836846259, 0.0183565918],
      [64, -2857.5771066483, 0.3252450791, 0.0000500000, 0.0183739293]
      ],
    "n": ["KX265081.1:10711458 Dirofilaria repens voucher 53 Poland mitochondrion, partial genome"]
    },
    {"p": [
      [63, -2869.1939934679, 0.3290729601, 0.0537218507, 0.0283194430],
      [62, -2869.1951998284, 0.3286762188, 0.0836846259, 0.0283184395],
      [64, -2869.2088904879, 0.3242070871, 0.0000500000, 0.0283363132]
      ],
    "n": ["KX265092.1:10641449 Dirofilaria sp. 'Thailand II' voucher T1 Thailand mitochondrion, partial genome"]
    },
    {"p": [
      [63, -2866.1346070478, 0.3299821218, 0.0537218507, 0.0232928022],
      [62, -2866.1359172070, 0.3295500758, 0.0836846259, 0.0232891723],
      [64, -2866.1500954307, 0.3249106085, 0.0000500000, 0.0233113045]
      ],
    "n": ["KY750549.1:41426 Dirofilaria sp. 'hongkongensis' isolate 12T8207 small subunit ribosomal RNA gene, partial sequence; mitochondrial"]
    },
    {"p": [
      [63, -2655.4620185822, 0.3308559910, 0.0537218507, 0.0199061533],
      [62, -2655.4625238666, 0.3306888568, 0.0836846259, 0.0199055521],
      [64, -2655.4796479673, 0.3250743167, 0.0000500000, 0.0199234294]
      ],
    "n": ["KX265091.1:10971464 Dirofilaria repens voucher 32 Hungary mitochondrion, partial genome"]
    },
    {"p": [
      [63, -2655.4620185822, 0.3308559910, 0.0537218507, 0.0199061533],
      [62, -2655.4625238666, 0.3306888568, 0.0836846259, 0.0199055521],
      [64, -2655.4796479673, 0.3250743167, 0.0000500000, 0.0199234294]
      ],
    "n": ["KX265089.1:10941461 Dirofilaria repens voucher M3 Germany mitochondrion, partial genome"]
    },
    {"p": [
      [63, -2658.5470207377, 0.3299852819, 0.0537218507, 0.0245609355],
      [62, -2658.5475121296, 0.3298231696, 0.0836846259, 0.0245670404],
      [64, -2658.5639090046, 0.3244591967, 0.0000500000, 0.0245832276]
      ],
    "n": ["KX265055.1:10891456 Dirofilaria repens voucher 7 Hungary mitochondrion, partial genome"]
    },
    {"p": [
      [63, -2875.2067594333, 0.3275675391, 0.0537218507, 0.0370577578],
      [62, -2875.2070955204, 0.3274574663, 0.0836846259, 0.0370594486],
      [64, -2875.2219975060, 0.3226138791, 0.0000500000, 0.0370732724],
      [59, -2878.5774682769, 0.0112569466, 0.0190407765, 0.0413565342],
      [65, -2878.5911407290, 0.0111040840, 0.0000500000, 0.0413648739]
      ],
    "n": ["KP898737.1:61446 Dirofilaria repens isolate N5 12S ribosomal RNA gene, partial sequence; mitochondrial"]
    },
    {"p": [
      [63, -2866.3651584156, 0.3300743004, 0.0537218507, 0.0231517591],
      [62, -2866.3664538816, 0.3296469772, 0.0836846259, 0.0231476692],
      [64, -2866.3807793172, 0.3249583045, 0.0000500000, 0.0231702482]
      ],
    "n": ["MT984272.1:9395 Dirofilaria sp. 'hongkongensis' isolate DF12SH2 small subunit ribosomal RNA gene, partial sequence; mitochondrial"]
    },
    {"p": [
      [63, -2866.3651584156, 0.3300743004, 0.0537218507, 0.0231517591],
      [62, -2866.3664538816, 0.3296469772, 0.0836846259, 0.0231476692],
      [64, -2866.3807793172, 0.3249583045, 0.0000500000, 0.0231702482]
      ],
    "n": ["MT808309.1:12398 Dirofilaria sp. 'hongkongensis' isolate DH2707 small subunit ribosomal RNA gene, partial sequence; mitochondrial"]
    },
    {"p": [
      [63, -2866.3651584156, 0.3300743004, 0.0537218507, 0.0231517591],
      [62, -2866.3664538816, 0.3296469772, 0.0836846259, 0.0231476692],
      [64, -2866.3807793172, 0.3249583045, 0.0000500000, 0.0231702482]
      ],
    "n": ["KX265050.1:75107896 Dirofilaria sp. 'hongkongensis' mitochondrion, complete genome"]
    },
    {"p": [
      [63, -2863.3383567169, 0.3300841327, 0.0537218507, 0.0230582881],
      [62, -2863.3386824587, 0.3299766280, 0.0836846259, 0.0230605013],
      [64, -2863.3550140004, 0.3246313679, 0.0000500000, 0.0230758077]
      ],
    "n": ["AM779778.1:9395 Dirofilaria repens mitochondrial partial 12S rRNA gene, specimen voucher Casiraghi, M. (BTBS, Universita' degli Studi di Milano Bicocca, Milan, Italy)"]
    },
    {"p": [
      [63, -2861.7190503345, 0.3301475637, 0.0537218507, 0.0229761710],
      [62, -2861.7192415207, 0.3300844501, 0.0836846259, 0.0229737524],
      [64, -2861.7358362566, 0.3246519856, 0.0000500000, 0.0229946413]
      ],
    "n": ["KM205410.1:64450 Dirofilaria repens isolate Human77 12S ribosomal RNA gene, partial sequence; mitochondrial"]
    },
    {"p": [
      [63, -2866.3651584156, 0.3300743004, 0.0537218507, 0.0231517591],
      [62, -2866.3664538816, 0.3296469772, 0.0836846259, 0.0231476692],
      [64, -2866.3807793172, 0.3249583045, 0.0000500000, 0.0231702482]
      ],
    "n": ["GQ292761.1:64450 Dirofilaria repens isolate freiburg 12S ribosomal RNA gene, partial sequence; mitochondrial"]
    },
    {"p": [
      [63, -2662.6038052814, 0.3293436849, 0.0537218507, 0.0246750571],
      [62, -2662.6048262289, 0.3290076139, 0.0836846259, 0.0246771144],
      [64, -2662.6181653823, 0.3246480718, 0.0000500000, 0.0246925551]
      ],
    "n": ["KY750550.1:11377 Dirofilaria sp. 'hongkongensis' isolate HKU1HKU9 small subunit ribosomal RNA gene, partial sequence; mitochondrial"]
    },
    {"p": [
      [63, -2813.5706067804, 0.3216532051, 0.0537218507, 0.0230243061],
      [62, -2813.5708455154, 0.3215764244, 0.0836846259, 0.0230260035],
      [64, -2813.8565011075, 0.2416715651, 0.0023569732, 0.0235981516],
      [59, -2815.2863156987, 0.0578448857, 0.0190407765, 0.0253564750],
      [65, -2815.2973614573, 0.0572094609, 0.0000500000, 0.0253519801]
      ],
